10 10
0 12.177874376917158 4 0.7622438189075662 5 0.5924251766981365 7 0.630159065334079
1 10.836402462540203 6 0.3037552454865805 7 0.22120806546876803 9 1.2895966733315067
2 11.794146617814746 5 0.6357952367584151
3 10.030156857117541 7 0.6009438511009644 9 0.9077318931648631
0 0.7622438189075662 4 10.842952158214828 7 0.6554696550033602
0 0.5924251766981365 2 0.6357952367584151 5 10.70692322888835 6 0.9016714435383413
1 0.3037552454865805 5 0.9016714435383413 6 10.308277377499682 7 1.1576757107410216 9 0.4916444517644145
0 0.630159065334079 1 0.22120806546876803 3 0.6009438511009644 4 0.6554696550033602 6 1.1576757107410216 7 10.473219406389541
8 10.900038759779408 9 0.5703783966647604
1 1.2895966733315067 3 0.9077318931648631 6 0.4916444517644145 8 0.5703783966647604 9 10.170807407209537
